Trial PMID's

2667508
8540545
7611312
8321504
1896168
1657527
2255512
12657584
8512476
8675413
8684794
15364708
15364709
10326953
10980763
11024416
11581049
11755836
11874743
12049574
12049575
12742841
14718290
14962409
15197055
15488816
15531304
16009857
16157798
16157799
16226544
16936102
16949445
17056362
16996592
17095090
17420364
18091452
18268230
18474807
18378313
18801578
19243824
20212096
20031222
20457984
20633931
20619460
21149774
21339862
22180704
22159688
22159015
21705084
22395889
22537616
22608478
22892940
23349433
23497845
23357622